Run   mass(M_Earth)  Period(days)   Eccentricity   Incl(deg)
000     6.80           4.80016      0.1971780      11.91330
000    12.00           9.82069      0.1445690      11.78560
000    10.40          22.68475      0.1396320       3.76430
000    10.80          56.60785      0.0124030       9.95000
001    14.80           5.04527      0.0039940       5.34720
001    10.40          26.62691      0.0341110       4.89630
001     6.00          13.80059      0.0385890       3.36480
002     8.00           3.92661      0.0550980       5.14490
002    12.00          59.08885      0.0541340       2.05790
002     5.60           8.07018      0.0283670       2.63160
002    17.60          20.20252      0.0327650       3.11040
003    12.00           5.08476      0.0611300       3.64520
003     6.40          11.85998      0.0321650       1.76110
003     4.00         197.50468      0.2893580      11.27820
003     9.20          44.06583      0.0510220       5.85140
003    12.40          19.99413      0.0622180       5.77610
004     8.40           6.43674      0.0902370       7.95130
004     1.60         102.07472      0.1013820       9.05530
004     8.40          31.07489      0.0417000       4.11300
004     5.60          48.65769      0.0347370       2.27260
004    14.40          17.51267      0.0433160       5.06270
005     7.60           2.46166      0.1092820       8.54930
005     8.80          47.29307      0.0628320       5.37240
005    10.00           6.62441      0.0365440       5.92750
005    16.80          16.47038      0.0468310       4.98150
006     2.00           2.23552      0.2340880      11.90510
006    10.40           5.34526      0.0377820       6.48830
006     7.60          27.94439      0.0559760       4.39960
006    16.80          11.39809      0.0657830       4.57590
007     6.00           3.08678      0.1200250       9.12770
007    12.80          27.84677      0.0395950       7.93910
007     6.80         104.84885      0.2800410       9.38920
007    13.60           9.19399      0.1917390       3.08410
008     8.40           3.34812      0.0610070       9.33980
008    13.60          11.95799      0.0471130       3.08220
008    17.20          31.31859      0.0178510       3.36120
009    10.00           8.93034      0.0370320       2.36870
009    10.80          20.38859      0.1054520       9.53930
009     8.00         138.16326      0.1326920       6.54360
009     6.80          32.42180      0.0598800       5.08560
010     4.40           2.30807      0.0957870       5.95820
010    11.20           5.68650      0.0074620       5.87120
010    12.00          28.88694      0.0313740       5.95950
010    12.40          15.90040      0.0169670       4.39070
011     7.60           2.60795      0.0898550       4.28460
011     6.40          10.64594      0.0283260       4.08930
011     5.60           6.01100      0.0803600       5.78540
011    12.40          19.08379      0.0186680       2.20270
011     8.00          47.57051      0.0178130       2.13230
012     6.40           2.18063      0.0118990       1.55270
012     4.00          28.50211      0.0602180       1.41690
012     5.20           4.30112      0.0038100       1.48210
012     9.20          18.74683      0.0033970       1.41760
012     4.80          79.28551      0.0235360       0.74220
012     8.00           8.23524      0.0134270       1.41570
012     6.00          57.91952      0.0134640       0.86710
013     6.40           5.30912      0.1064550       3.63610
013     4.40          63.72387      0.3262760       6.84800
013    12.40          26.96176      0.0340670       5.31170
013    16.00          11.71868      0.0540440       1.22670
014     8.00           6.55687      0.0181260       4.30270
014    10.40           2.76564      0.0368950       6.56070
014     8.40          11.82329      0.0310450       3.42770
014    13.60          20.39487      0.0334650       5.24810
014     2.40          61.51125      0.0713380       4.99610
015    16.40          17.53258      0.0699920       2.79300
015    10.00          45.83443      0.1340350       3.70630
015     8.00           5.46767      0.2173610       3.79890
015     4.40          88.78058      0.1047480       4.04510
016     6.00           4.40625      0.2129340       4.49200
016    17.20          11.06511      0.1157670       5.23180
016     3.20          60.92523      0.0096770       7.81950
016    13.60          26.94337      0.0541120       3.39790
016     4.80          95.83928      0.0647230       1.96270
017     8.00           3.45185      0.0711400       3.38610
017    11.20           8.48881      0.0843970       4.34980
017     0.80         101.30199      0.2951950       3.76360
017     6.00          35.84219      0.0379180       0.69120
017    15.20          18.83037      0.0282420       1.18080
018    13.20           4.71508      0.1061030       2.51810
018     8.00          65.89429      0.1078670       7.88670
018    16.00          18.74073      0.1018650       5.72640
019     9.20           5.11246      0.0636310       7.21210
019    16.40          14.49011      0.0854300       3.64930
019    13.20          47.36792      0.0527230       6.91720
020    14.40           7.91693      0.0968140       1.08120
020    17.20          21.62995      0.0523050       0.90740
020     6.00          39.37507      0.0914040       1.23640
020     3.20          84.05712      0.1606750       4.41600
021    10.00           2.96924      0.1736590       8.52240
021     7.20         106.49031      0.1974560       9.01440
021    24.00          15.02590      0.1017910       0.23940
022     8.40           2.50733      0.0250590       1.61640
022    10.00           6.72687      0.0521700       2.58430
022     7.60          15.04293      0.0563180       1.46640
022     4.80          85.25858      0.0550870       0.36400
022     6.00          22.85202      0.0569030       5.50030
022     5.20          42.30991      0.0064300       1.97480
023     4.40           2.38547      0.1296860       5.38410
023    10.40           6.66620      0.0172210       1.49980
023     4.80          34.77607      0.0138330       1.23980
023    12.00          17.94033      0.0088000       3.29520
023     6.40          52.81687      0.0207370       0.83690
024     1.60           4.13395      0.0210320       3.96470
024     4.00          33.96370      0.0144870       3.90270
024     4.00           5.84317      0.0086010       3.28110
024     4.80           9.19239      0.0309740       3.67630
024     4.80          12.79294      0.0135170       3.33470
024     4.40          51.37987      0.0179650       4.48080
024    14.40          21.14276      0.0217650       3.55010
025     5.20           9.51536      0.0319920       5.23200
025     6.40           6.34003      0.0185600       5.22940
025     5.20          15.87920      0.0260180       5.23250
025     4.80          42.58530      0.0055500       5.22100
025     6.40          12.69090      0.0243410       5.22270
025     3.20          36.44531      0.0076170       5.22290
025     7.60          21.19789      0.0112190       5.22630
026     8.00           6.13826      0.0523180       6.25910
026    21.20          18.92017      0.0474040       1.67950
026     5.20          51.38271      0.0220820       6.82820
027     1.60           3.66480      0.0234940       1.71540
027     8.40           8.11635      0.0213850       1.77010
027     8.80          11.76397      0.0252780       1.93250
027     7.20          35.50410      0.0093550       2.14060
027    14.00          20.78350      0.0167850       2.02990
028    11.60           5.15080      0.1159990       0.17060
028    10.40          21.77961      0.0500200       4.41520
028    13.20          14.41544      0.0385250       1.27590
029     8.00           5.42452      0.1062530       4.23120
029    10.80         149.38866      0.0432270       7.92740
029    23.20          25.52463      0.0750100       6.34210
030     3.60           4.75369      0.4681870      20.89330
030    16.00          10.52477      0.1293610       1.43190
030     6.40          62.90214      0.1030700       0.97730
030    16.00          26.20006      0.1183090       8.35050
031    14.40          11.42398      0.1057370       5.16280
031    10.40           4.90267      0.0898100       3.05450
031     6.40          64.85070      0.1828210       3.61560
031     9.60          23.60648      0.0998410       9.66610
032     5.60           5.82937      0.2317390       8.29730
032     4.00         112.45911      0.1650880      14.21140
032    11.20          54.83967      0.1348830       2.22910
032    19.20          18.71834      0.0254810       2.76460
033     5.20           3.89039      0.1041370       6.28570
033    13.20          23.04805      0.0379030       3.58090
033    12.00           8.70549      0.0105090       2.92380
033     5.20          42.99009      0.0327440       3.37540
033     4.40          14.66799      0.0290780       4.07870
034     8.00           4.20179      0.0764030       2.89760
034    10.00          16.66578      0.0317790       3.02920
034     7.60           8.87156      0.0316860       1.49880
034     4.40          42.65491      0.0663300       4.11750
034     7.60          92.24241      0.0119720       2.26130
034     2.40          31.83459      0.0614880       1.44050
035     8.00           3.53325      0.0405650       6.08960
035     9.60           8.85729      0.0271230       5.30960
035     4.40          58.91877      0.0735590       5.99710
035     5.20          29.94212      0.0301300       5.18950
035    10.40          18.51114      0.0265010       7.14990
036     3.20         108.63725      0.2475080       4.15950
036    12.80          37.54602      0.1309060      14.65830
036    21.20           9.24703      0.1677060       3.08580
037    18.00          12.30316      0.0576780       3.85260
037     5.20           3.71929      0.1678670       2.50080
037    13.60          40.62274      0.0698950       3.88880
038     7.20          73.19256      0.0384790       2.32890
038     3.20          34.18733      0.0765440       4.36590
038    13.20           8.18730      0.0694740       1.83830
038    18.80          18.14941      0.0280290       3.04240
039    12.00           6.09621      0.0800960      13.67530
039    14.80          16.29908      0.0514810       6.43910
039    12.40          48.76686      0.0604850       7.31170
040    11.60           5.30644      0.2605250       7.26800
040    24.40          24.57380      0.1320990       0.37050
041     2.80          28.94104      0.0867860       5.03200
041    10.80           3.19453      0.0177920       2.83020
041    13.60          18.27242      0.0044550       4.15550
041     9.60           8.74967      0.0352340       7.42850
042     6.40           5.65506      0.1728140       9.82520
042     8.80          24.56711      0.0291390       9.34510
042    10.00          36.82205      0.1287300       5.12310
042    10.40          10.88796      0.0432060       5.78630
042     8.00         184.73348      0.0894280       6.75940
043    11.20           5.23841      0.1958590       3.64890
043    16.00          33.90911      0.0734390       4.90550
043     9.20          12.54636      0.0912510       3.46890
043     4.00          85.01918      0.0137290       2.38240
044     8.80           3.06449      0.0529770       2.93940
044     3.60         189.06739      0.3781830       6.29600
044    15.20           9.82069      0.0311670       2.06960
044    11.20          23.10915      0.0429100       2.34370
044     5.20          42.78351      0.0955820       1.52390
045     4.00           7.92610      0.0446160       4.21630
045     3.60           2.11241      0.0140550       4.28050
045     3.20           3.52158      0.0487820       4.18810
045     4.00           5.28373      0.0576100       4.19870
045     7.60          14.09949      0.0343820       4.21230
045     6.00          10.57520      0.0567100       4.24170
045     6.40          42.42748      0.0012210       4.15650
045     5.60          21.17032      0.0228060       4.21120
046    10.00           6.93337      0.0773040       3.93410
046    13.60          49.91662      0.0318860       3.54930
046     6.80          25.36457      0.0794670       1.05480
046     6.00         124.43032      0.0504390       3.48010
046     5.20          14.16991      0.0204850       5.11380
047     1.60           1.77124      0.2090570      12.68820
047    10.00           3.70386      0.0840950       1.90120
047     2.40         175.41544      0.2087650       5.85260
047    10.40          24.09848      0.1122110       5.83410
047    11.60           9.30984      0.1058840       2.70270
047     9.20          49.39545      0.1169520       0.65920
048     2.40           2.51984      0.1368700       5.22050
048     6.80           4.73438      0.1364660       4.82940
048    17.20          18.64715      0.0358320       4.91920
048     5.60           8.94465      0.0631930       4.99370
048     6.00          43.05186      0.0557750       4.95700
049     4.40           2.78611      0.0898710       4.93840
049     5.60           7.36746      0.0941600       7.31040
049    23.20          16.17680      0.0352580       3.04990
049     5.60          46.60459      0.0967500       6.72020
049     8.40         183.89600      0.1051590       4.39960
050     7.60           4.45408      0.0431960      11.26260
050    19.60          40.78620      0.0819140       4.78780
050    16.00          11.08732      0.1139200       4.36250
051     0.40           5.24640      0.0713110       6.91870
051    10.80           7.86963      0.0189600       6.04230
051    10.80          15.79451      0.0154720       6.70120
051     4.00          10.50630      0.0213810       6.63430
051    12.40          21.06651      0.0135260       6.25500
051     0.80         167.40299      0.2565790      19.43430
052     8.00           5.48388      0.0448970       4.29570
052    10.40          50.41413      0.0689210       0.91650
052    14.80          10.52645      0.0411340       0.68130
052     5.20          21.89101      0.0712650       4.03230
052     4.00         119.81784      0.0538780       2.85970
053     2.40           2.61429      0.2081810       1.24820
053     8.40           6.42818      0.0738480       6.46620
053     4.00          89.04399      0.0793870       3.63020
053    18.80          16.23305      0.0768060       1.01220
053    10.80          43.77648      0.0559070       2.42090
054     9.60           5.09267      0.0943200       5.95120
054    11.20          13.83370      0.2182500       5.83460
054    11.20          32.33141      0.0454580       7.07370
054     6.40          84.95852      0.1423710       5.84610
055     4.80          83.79873      0.1701020       4.19630
055    15.20           9.21327      0.0471350       2.43310
055    20.40          21.60646      0.0311450       1.01660
056     8.40           3.64708      0.0673110       8.77590
056    20.80          23.86420      0.0646790       3.10160
056     7.20           9.08502      0.0958220       3.29250
056     4.80          78.19485      0.0456830       0.96740
057     7.20           4.37738      0.1540530       3.05020
057    12.40          22.60018      0.0563870       3.70620
057     9.60          11.75875      0.1069270       5.30060
057    10.00          42.78083      0.1299980       4.93160
058    13.60           8.79710      0.1080100       2.33410
058     8.80         102.85300      0.0753180       6.15440
058     8.40          42.84787      0.0554140       9.98250
058    10.80          19.73466      0.0526420       6.85360
059    12.40           5.22643      0.2216400       4.22070
059    13.20          23.46371      0.1371980       9.46110
059    17.20         102.44748      0.2397050      10.79320
060     3.20           2.35074      0.1146410       6.90540
060     4.00           4.11060      0.0490890      10.03330
060    10.80           9.25507      0.0294280       4.09040
060     7.60          34.37905      0.0314550       1.12620
060     9.60          21.10251      0.0145960       2.88780
061     9.20           2.54910      0.1708030       4.06790
061     9.20          53.62988      0.0557370       5.28250
061     8.80          10.07454      0.2017910       4.49830
061    11.60          21.87600      0.0361630       2.02030
062    14.80           9.04507      0.0558440       6.15770
062    12.00          25.57429      0.1206270       2.45130
062    11.60          65.59732      0.1139390       4.75590
063     6.80           3.95324      0.0352090       8.84960
063    16.40          25.65337      0.0393930       8.12460
063     4.00          13.82818      0.0155520       7.07970
063     2.40          40.59903      0.1048690      10.31220
063     7.20           8.41855      0.0496560       7.20510
064     8.40          16.58753      0.0323630       2.84690
064     8.00           9.76002      0.0234040       2.47230
064     7.20           4.29863      0.0459050       4.10620
064     6.00          23.47030      0.0278650       3.55240
064     5.20          60.62088      0.0306460       1.98940
064     7.20          42.04045      0.0317240       4.24310
065    14.40          23.70109      0.0292270       3.94610
065     6.80           4.27746      0.1130680       3.18590
065     6.80           7.59229      0.1077050       4.30060
065     5.20          71.23288      0.0720940       4.42370
065     7.60          46.59356      0.0631880       4.89720
066     2.80          37.64873      0.0121730       0.00320
066     4.00           7.03299      0.0260740       0.02150
066     2.80          16.90126      0.0274950       0.02930
066     3.60          14.07728      0.0397610       0.01800
066     4.80          75.62644      0.0004090       0.00020
066     6.00          28.20296      0.0199430       0.00650
066     4.40           9.37926      0.0294860       0.01930
066     6.40           3.51459      0.0179740       0.00370
066     7.60          21.13641      0.0247690       0.01990
067     7.20           2.55748      0.0403420       3.04790
067     3.20          10.26383      0.0912450       1.87750
067     6.00           5.74954      0.0665580       2.22340
067     8.00          60.18182      0.0345700       0.73630
067     5.60          32.19965      0.1051870       1.22150
067    14.40          18.53954      0.0726330       1.13670
068     6.80           4.39118      0.0718210       3.19870
068     8.80           8.86839      0.0265330       1.72060
068    18.40          19.47633      0.0036970       0.55930
068     5.20          76.55207      0.1098980       1.01220
068     2.40          43.42579      0.0056360       2.63170
069    18.00          18.18568      0.0466310       2.56310
069    14.40           7.78137      0.0553300       4.08410
069     6.00          44.77974      0.0796420       6.92960
070     1.60           5.26505      0.0502930       6.64070
070     3.20           7.00804      0.0261640       1.95170
070     6.00          10.52477      0.0481710       3.83670
070     9.20          15.80413      0.0395690       1.17430
070     5.60          89.11245      0.0202840       2.83420
070     7.20          21.06228      0.0138020       2.62530
070     5.20          42.24316      0.0251830       1.57350
070     2.00          31.49996      0.0343370       2.97240
071    12.40          39.47158      0.1309600       7.44820
071    22.80           5.41644      0.0485910       6.75390
071     5.60         116.47819      0.0688060      10.03340
072     5.20           4.76530      0.1789420       8.13310
072    13.20          37.77210      0.0821360       3.07350
072    19.60          12.21833      0.1169720       2.37430
072     5.60          81.57159      0.1003540       4.31440
073     4.00           3.82667      0.0163930       4.47360
073    13.60          10.29883      0.0093120       2.39780
073     5.20          75.81127      0.0109390       1.96300
073    10.80          20.58363      0.0252690       3.18130
073     9.20          35.19219      0.0207300       3.67380
074     7.20           4.09342      0.0028910       1.55710
074    16.80          10.56847      0.0161310       0.87390
074     5.60          26.50113      0.0123900       1.43170
074     2.40          17.67015      0.0317310       1.02420
074     5.60          21.16396      0.0174860       1.19920
074     3.60           6.83131      0.0217700       1.05000
075    10.40           5.20118      0.0749630       3.91090
075    24.80          19.11247      0.0688900       1.27530
075     7.60         105.30456      0.0498440       1.18200
076    12.80           7.02858      0.0234310       4.52420
076     8.00          45.97164      0.0843160       3.65500
076     6.40         116.59051      0.0658310       2.57680
076    12.40          18.86913      0.0198300       1.74880
077    14.40           9.25829      0.0989870       3.93270
077    14.00          73.46204      0.2395330       3.30290
077    14.80          17.68612      0.1425000       4.85990
078    18.40           6.72977      0.0422640       4.14620
078    20.00          29.24986      0.0526080       4.39480
078     5.20         154.68604      0.0872050       5.34800
079     4.00           4.21912      0.0944750       4.04450
079     3.20           6.96554      0.0269440       4.45340
079     4.40          10.26550      0.0528790       4.29530
079     8.40          22.43785      0.0234340       3.86970
079     7.20          32.61996      0.0402760       3.25600
079     7.20          63.48523      0.0220880       3.86310
080    14.00          11.14205      0.1549690      10.49620
080    12.40          32.97324      0.2026610      11.42190
080     7.20          82.63759      0.2042870       3.20870
081     5.60           2.62168      0.1021310       5.05830
081     9.20          16.25440      0.0700350       5.35450
081     6.00         167.67341      0.0751640       6.44120
081     8.40           6.72542      0.0737110       6.58240
081     7.20          33.38454      0.1025610       4.94780
081     4.80          62.85337      0.0614110       4.20170
082    18.80           9.07543      0.1417130       3.60890
082    12.40          33.93392      0.1218620       3.12180
082     6.00         111.39901      0.1657220       0.60520
083     5.60           2.34768      0.0322360       6.91370
083     9.20          20.45144      0.0115040       6.23780
083     8.00          43.98735      0.0166830       6.19840
083     7.20           5.63459      0.0199240       5.22950
083     4.00          60.30501      0.0348080       6.21370
083     7.60          11.83726      0.0436590       6.26130
084     4.40           2.91762      0.0920190       6.67990
084     6.80          53.07301      0.0346380       3.60870
084    11.60           7.75101      0.1737630       1.40210
084    18.40          19.08584      0.0562160       1.92490
084     4.40         112.61823      0.0357220       1.80030
085     4.80           3.04780      0.1579910       6.28950
085    18.00          30.93764      0.0595810       1.71990
085    13.60           9.75838      0.0145690       7.69770
086     4.40           5.74680      0.2175780       5.40130
086    10.00          11.93347      0.0778580       3.60440
086     9.20          20.25891      0.0475910       3.87550
086     5.60          38.74055      0.0434900       1.42250
086    12.80          82.04406      0.0420990       3.10490
087    12.80           7.34957      0.1163110       8.13940
087     4.00           2.97255      0.0315210       6.71510
087     6.00         152.19127      0.1750890       6.45260
087    16.40          20.00870      0.0453570       8.48320
088     4.80           5.38014      0.1784760       9.47940
088     9.60          10.30050      0.0927390       8.19960
088    15.60          25.54268      0.0255570       5.08540
088    12.00         125.05455      0.0432260       0.65820
089    20.80           5.46227      0.0757430       8.66930
089    17.20          28.05611      0.1039090       5.75850
090    14.40          15.52223      0.1822900       3.58530
090     8.40           6.46099      0.1450000       0.56810
090     6.40         141.19751      0.1849760       3.91430
090    10.80          37.34857      0.0964020      11.76600
091    12.80           8.99561      0.0674920       3.86450
091     6.40           3.27728      0.0491870       4.50890
091    12.80          19.13092      0.0645980       0.29070
091     8.80          42.09910      0.0544380       1.45120
092     5.20           3.45185      0.0203240       3.43840
092     4.40           9.47479      0.0229650       1.25870
092     6.00           6.33719      0.0131160       1.87910
092     9.20          12.71772      0.0228730       1.79280
092    12.80          21.24882      0.0100620       2.39100
092     0.80         158.85594      0.4563370       5.85890
092     4.00          15.89076      0.0467380       4.28900
093    14.80          14.49385      0.0616720       3.87690
093     8.00           6.64889      0.0775320       4.86520
093     2.00          87.07308      0.1118930      11.17140
093    11.60          22.01978      0.0503770       1.03460
094    12.00           4.40625      0.1685870       1.94210
094    22.40          16.12643      0.0985830       3.26490
094     6.40          49.10327      0.1626250       8.14630
094     1.60         141.00199      0.1982960       5.66450
095     2.00           4.50082      0.1865850       7.27920
095    18.80          12.20244      0.0981070       2.10910
095     8.40          78.01466      0.0454180       3.47350
095     6.80          40.97895      0.1449820       4.52430
095     3.60         183.35580      0.0732780       9.78340
096    14.00          27.41809      0.0482240       3.15340
096    12.40           5.31313      0.1464020       1.79040
096     7.20          84.53433      0.0746720       1.36670
096     9.20          12.34919      0.0417620       1.45040
097     9.20           4.23027      0.2653970      10.27620
097    17.20          30.59181      0.0074020       2.27370
097     4.80         175.01228      0.0538920       9.44770
097    11.60          12.76427      0.1976800       8.40110
098     4.00           4.26378      0.1329200       3.48300
098    12.80          11.55195      0.0866780       4.65440
098     6.00          62.40898      0.0434550       5.19410
098     6.00          23.99451      0.0507000       7.73390
098     8.80          30.16374      0.0289430       3.55530
099     5.20           6.62441      0.0141410       4.38050
099     5.20           3.48666      0.0781710       3.22700
099    11.20          43.36384      0.0406150       2.62160
099     3.60          10.34890      0.0432810       0.84680
099     4.40          27.72141      0.0366460       0.73720
099     8.40          19.70567      0.0301550       1.93410
099     3.60         115.62207      0.0975720       0.32360
100     7.20           4.78207      0.2989360       5.46080
100    11.20          39.29687      0.0853570       6.41170
100    18.40          16.62468      0.0649350       5.72080
100     2.80          84.55788      0.1125720       4.40520
101     3.20           2.29592      0.1194800       4.46730
101    11.20          18.65935      0.0172300       3.89630
101     5.20          50.50476      0.0297220       3.54880
101     7.20           4.79499      0.0457310       3.93770
101     5.60          10.52309      0.0222090       3.51990
101     5.60          25.47951      0.0522680       4.34010
102     4.00           1.52156      0.0676160       0.25280
102     8.40           3.57653      0.0269240       2.50410
102     5.60          15.79836      0.0370760       1.93510
102     9.20          22.93472      0.0214390       1.58980
102     4.00          41.32294      0.0333470       1.59660
102     8.40           9.75347      0.0690120       1.01420
102     5.20          55.35881      0.0377080       2.47430
103     3.60           4.36234      0.0178410       0.34980
103     3.20           6.63881      0.0342390       1.13140
103     5.60           9.43265      0.0170860       1.01220
103     9.20          15.58920      0.0168090       1.26350
103     7.60          21.27430      0.0359060       1.05990
103     8.40          50.87067      0.0184270       1.56910
103     4.00         108.29366      0.0615080       3.06330
104     4.00           2.64285      0.2013780       3.09570
104    12.80           7.31383      0.0190780       4.10890
104     4.40          50.69186      0.1378000       4.96760
104     4.00         110.10707      0.1327140       4.96530
104    18.80          20.56053      0.0546390       2.90680
105     3.60           2.83695      0.0433810       3.53740
105     4.40          42.60403      0.0523090       2.09680
105    10.00          10.62571      0.0217660       1.11160
105     9.60           6.50529      0.0918400       2.79950
105    17.20          19.47839      0.0091240       2.03580
106    17.60          13.78589      0.0402180       2.89270
106    16.40          48.05734      0.1175260       4.48050
107    10.00           5.12435      0.1474130       3.43620
107     6.00         114.49254      0.0107570       6.58050
107    10.40          21.91889      0.0262670       4.16740
107     8.00          51.04401      0.1059060       6.45940
107    10.40          12.23598      0.1061170       4.06910
108    10.40           3.39524      0.0060870       3.25300
108    16.40          26.59487      0.0308430       2.36210
108     1.20          71.26148      0.0905230      12.34670
108    10.00          11.56235      0.0267540       2.10750
109     4.00           4.53630      0.0025980       0.95340
109     3.60           2.69281      0.0028450       0.80690
109     6.00          31.29926      0.0203360       1.16480
109    12.40          20.78139      0.0147970       1.05190
109     8.00          12.01764      0.0035370       1.32970
109     5.60           7.01390      0.0017400       0.97730
109     1.20         120.88497      0.2864780      11.24330
110    20.80          11.35500      0.2232420      13.03030
110    16.40          82.09402      0.2660440      18.56760
111     3.60           2.12619      0.0744230       4.32420
111     6.80           5.04922      0.0307520       1.28860
111    17.20          29.11064      0.0370240       0.88530
111    11.60          12.00886      0.0497450       0.57610
112     4.00           6.88228      0.1866340       4.29500
112    19.60          16.17099      0.0752350       4.99530
112    18.00          49.79814      0.0268230       2.31650
113     2.80           2.36706      0.0436240       2.44090
113     6.00          47.71499      0.0612680       2.92320
113     6.80           5.61278      0.0407440       3.25600
113     6.80          12.08265      0.0929940       2.49350
113    18.40          19.43098      0.0155960       3.16130
114     7.20           4.77046      0.0835380       5.92520
114     5.20          39.06518      0.0236990       9.17530
114    10.80          11.48963      0.0584990       5.26940
114    12.00          25.18013      0.0091000       7.25880
115     9.20           4.70224      0.0391780       0.24560
115     7.60          10.39738      0.1969240      10.62530
115     5.20          71.17570      0.1222960       6.27020
115    17.20          22.76073      0.1023940       5.80740
116     4.80           4.78078      0.1320210      13.44390
116    20.40          12.04749      0.0898770       5.29320
116     8.40          37.09267      0.2098680       6.40820
116     8.80          94.41527      0.0744500       4.28640
117     7.60           2.64285      0.1524910       2.04670
117     9.60           7.38835      0.0210230       4.54990
117     2.40         199.85266      0.0284090      10.46790
117    10.40          25.09482      0.0384350       5.28940
117    11.20          12.43610      0.0326390       2.92360
118     5.60           3.16410      0.0278410       0.35580
118     2.40          10.56343      0.0354860       0.47920
118     4.00          63.95975      0.0038980       0.06120
118     5.60           6.33152      0.0043890       0.46750
118     8.40          21.15548      0.0207750       0.22280
118     4.80          31.79330      0.0077470       0.03180
118     0.80          63.98733      0.0054640       0.09240
118     9.60          14.09023      0.0163990       0.07590
119    11.60           8.59221      0.0315720       1.29010
119    11.20          17.27635      0.0550510       1.78580
119     8.00          92.37403      0.0696680       0.72500
119    12.80          33.93144      0.0228550       1.32770
120    21.60           6.80225      0.0114650       2.64930
120     6.00         106.88291      0.1139710       1.17440
120    10.40          27.80032      0.0427410       6.23550
121     4.80           5.43125      0.0979850       5.70450
121    10.80          28.25197      0.0187460       7.54320
121     3.60          75.59403      0.2232110      17.22660
121    18.00          12.25895      0.0877520       7.25950
122    12.80           8.16260      0.0151900       2.94440
122     8.00           4.07137      0.0710970       0.52230
122     6.00          40.70971      0.0262740       3.90180
122    12.80          20.70768      0.0222970       2.14770
123    13.60           7.14636      0.2099570       8.79300
123    20.80          25.29479      0.2363000       5.29010
124    17.60          26.13180      0.0756860       3.17290
124     2.40           4.49323      0.0691920       6.05760
124     9.60          63.11563      0.1035780       2.83710
124     7.20           9.65864      0.0301950       6.04420
125    24.00          11.25866      0.0581310      10.63880
125    11.20          45.37712      0.1987070      13.42570
126     6.40           3.51226      0.1236900       2.08790
126     2.40           2.20952      0.0714810       5.06260
126     1.20          75.55839      0.2008510      14.19560
126     8.00          21.88457      0.0250730       0.42540
126     7.20         168.35433      0.1619730       7.70100
126     6.40           7.46161      0.0626730       3.65060
126     8.40          14.43036      0.0406450       2.12880
127     4.00           4.81569      0.0931400       6.38130
127    20.40          17.29815      0.0466700       5.37450
127     9.20           8.87156      0.0851860       1.80330
127     6.40          45.64255      0.0899110       5.44420
128     8.40           4.39494      0.1566330       1.70100
128    17.20          14.05693      0.0514460       2.90290
128     6.40          37.87244      0.1236020       4.90900
128    10.80          97.21398      0.0758770       0.83830
129     3.20           2.32632      0.0452810       4.53490
129     3.60           6.68063      0.0260160       1.56470
129     5.60           4.02740      0.0147290       2.10760
129     6.40          10.59876      0.0170570       1.74140
129     3.60          15.90425      0.0266570       2.44120
129     5.60          42.67633      0.0191480       1.78660
129     2.00          32.01208      0.0440580       0.80720
129     2.40          31.73747      0.0341950       2.50450
129     8.80          21.17244      0.0103960       1.20470
130     6.40           6.32868      0.1328890       3.76240
130    19.60          15.70806      0.0147490       3.94220
130     6.00          33.23411      0.1188140       5.83240
130    10.80          75.63293      0.1099700       2.47870
131     2.40           2.18461      0.1288320       5.08520
131     8.00           9.43913      0.0218070       3.03680
131     6.40           4.24143      0.0622850       5.73320
131     9.20          19.47014      0.0676080       2.65820
131     8.80          29.58820      0.0287160       2.18060
131     5.20          61.50217      0.1498730       4.89820
132     1.60           3.99208      0.1614750      13.62400
132    14.80           8.61106      0.0260090       5.19630
132    19.20          26.38011      0.0038530       5.98400
132     6.00          74.88219      0.0971250       3.25230
133     4.80           3.85428      0.0907830       0.87460
133     4.00           6.12283      0.0288710       0.64000
133    16.80          18.87933      0.0329400       1.33600
133     6.00           9.90287      0.0406090       0.31880
133     7.20          34.08042      0.0157850       3.47660
134    15.20          20.91851      0.1315750      18.13220
134    21.20          56.42255      0.0237250       6.50140
135     4.40           3.12704      0.1916220       6.49140
135    12.40          46.25473      0.0428270       3.41870
135    14.40           7.64659      0.0534980       2.51930
135     8.80          19.21297      0.0420510       3.48450
136     7.60           3.80153      0.1256500       7.01910
136    10.80           8.75441      0.1130810       5.60830
136    11.60          18.83853      0.0666560       3.11160
136    10.40          50.99852      0.0889880       1.84280
137    20.00          36.48344      0.0737520      11.28400
137    16.80           7.81177      0.1650160      10.94430
138     3.60           6.01657      0.1353370       7.65730
138     8.40          20.36347      0.0820690       2.05250
138    19.60          61.65653      0.2283450       1.01770
139    11.20           3.82308      0.0524190       5.16340
139     6.00          31.46123      0.1481180       3.69930
139    15.60          15.65242      0.0413540       4.21210
139     3.20         108.12930      0.0678380       3.58100
140     6.40           3.93144      0.1506480       9.50900
140    16.00          18.47669      0.0839180       2.84940
140     8.00          10.09275      0.0282730       5.72790
140     6.40          67.10532      0.0203570       2.48510
140     6.40          40.53582      0.0598610       6.83460
141     8.00           4.38867      0.1141490       6.97960
141     7.20          23.02842      0.1951760       3.91530
141    16.00          11.28788      0.1388930       5.94640
141    13.60          66.29405      0.0768970       0.88890
142    10.40           5.20649      0.1142240       1.01600
142     4.80          83.23589      0.1462340       1.67770
142    14.80          16.49184      0.0400370      10.21640
142     6.00          33.85702      0.0741640       3.97650
143     3.20           5.27973      0.0444760       1.66650
143     3.60           3.77166      0.0178820       1.59920
143     7.60           7.91999      0.0434960       1.61460
143    16.00          10.56679      0.0181190       1.95220
143     5.60          26.52398      0.0073130       2.45660
143     4.80          21.21699      0.0143170       1.66870
144    12.80          50.13408      0.0198030       3.56890
144    21.20          15.20404      0.0367170       2.05720
144     8.40           4.14256      0.0994190       7.88310
145     0.40         163.46899      0.2144930      17.15470
145     6.80           7.79352      0.1134050       2.12930
145     9.20          38.62391      0.0440280       1.79210
145     6.40           3.31950      0.0657820       2.22280
145     3.60          13.22918      0.0188680       2.59510
145    12.40          21.44017      0.0352890       2.76780
146    12.80           5.33454      0.0842540       3.63360
146     9.20          63.03020      0.0242750       2.71760
146    16.40          15.41720      0.0299130       2.94520
146     5.20          27.15274      0.0327270       3.33410
147     9.20          23.83110      0.0412200       5.07120
147     8.80           3.05114      0.1080390      21.38790
147     7.60          52.38323      0.0675020      12.23760
147    11.20          12.96901      0.0637830       3.16320
148     3.20           3.54726      0.1959580      10.18370
148    13.60           9.65212      0.1074650       6.52030
148     6.00         173.37713      0.1607030      20.53250
148    16.80          31.76902      0.0372920       7.70480
149     8.80           3.87593      0.1031410       8.18400
149     4.00           9.22934      0.0845530      15.03320
149     8.00          44.07125      0.1699110      14.02010
149    14.40          19.30131      0.0538670       9.87820
150     6.40          49.76431      0.1050430       6.03760
150    17.60          20.14201      0.0085250       3.47540
150    14.40           5.04790      0.0406120       5.92250
151    13.20          19.67877      0.2138860      14.32240
151    16.80           4.30985      0.3940930       6.93060
151     7.20          62.41202      0.1535330       8.62010
152     1.20           2.76349      0.0457000       8.51800
152     3.60          16.92487      0.0322980       3.89530
152     6.00           4.56679      0.0151740       3.47610
152     6.40          10.14746      0.0276480       3.23240
152     8.40          21.18092      0.0185450       3.32400
152     4.00          85.18100      0.0365530       3.76290
152     1.60           7.61188      0.0869610       2.00780
152     4.80          42.42213      0.0233580       2.91550
152     3.60          12.68732      0.0606260       4.14930
153     4.40           2.60795      0.1555260       0.85760
153    11.60           6.30035      0.0959390       4.92370
153     8.00          77.52719      0.2839360      17.01720
153    16.40          20.81512      0.0444680       3.76810
154     4.00           3.86751      0.1430110      12.60000
154     2.40         164.37084      0.3314680      15.73310
154    18.40          34.24705      0.1401390       3.53430
154    16.00           8.79868      0.1063410       4.25740
155    12.40           4.11428      0.0252140       7.12170
155    10.40          28.12834      0.0586800       5.08540
155     6.40          71.72592      0.1103610       5.82530
155    12.00          11.95098      0.0532860       4.62660
156     5.20         115.32349      0.0980870       4.88860
156     9.60          37.75667      0.1579730       3.72540
156    27.20           6.64169      0.0779890       5.36940
157    10.80           7.46161      0.0701770       6.78830
157     8.80          14.59301      0.0918670       5.65380
157     4.80          39.70930      0.0432200       6.27590
157    12.00          22.55036      0.0538700       6.71770
158     9.20           5.29308      0.0480040       2.72510
158     8.40          44.85325      0.1579410       5.02500
158    18.40          17.37353      0.0464660       1.39620
158     3.60         188.92224      0.3299280      14.80520
159     2.40           3.66007      0.1883550      24.16930
159    22.40          13.95347      0.0780530       2.22880
159    11.20          81.82102      0.0888570       7.47980
160    16.80           5.35196      0.0801860       4.11180
160     6.40          71.77369      0.0276800       4.89330
160     2.40         198.44723      0.0952310      12.88470
160    16.00          25.00511      0.1538060      11.45260
161    12.00           2.91433      0.0213050       5.73390
161    14.40          10.23720      0.0178880       3.26290
161     4.80          18.42201      0.0542740       2.22960
161     8.40          43.67118      0.0429120       5.69420
161     4.80          85.84284      0.0790230       5.94810
162     5.60           2.40496      0.0489450       1.62610
162     6.40           5.45957      0.0509230       5.21830
162     3.20           8.78760      0.0639510       4.02850
162     6.00          22.05631      0.0433030       3.93520
162     8.40          13.88157      0.0137530       5.32010
162     6.80          33.44379      0.0028000       5.96520
163    10.40           5.69334      0.0681480      14.99420
163    16.40          23.22058      0.1520960       5.56460
163     5.60         192.58423      0.1624870       2.42090
163     8.80          58.15098      0.0862160       8.57790
164    20.40          10.55334      0.1345300       6.42430
164    11.60          24.57157      0.0634130       2.60840
164    10.80          90.66776      0.0530390       8.96260
165    16.80          21.85457      0.1316470       3.48570
165     8.00           6.14107      0.3029670       5.37320
165    15.60          84.22505      0.0449820       1.11510
166     3.60           3.58122      0.0796510      10.72180
166    17.60          10.39236      0.0354310       5.83400
166    15.60          36.54955      0.1244930       3.08780
167     8.40           3.77285      0.1645440       7.87690
167    14.40          19.75745      0.1112520       4.63300
167    10.80         117.38895      0.0415140       3.18940
167     8.80           9.32597      0.0186940      10.60810
168    24.80          25.51109      0.0537890       4.52490
169     6.00           3.15510      0.0597860       4.07870
169     4.00           5.16007      0.0753890       3.58350
169     8.80          38.94821      0.0589120       1.79490
169    12.00          19.23966      0.0383970       1.96250
169     7.20           9.27600      0.0212960       2.56910
170     3.60           3.32407      0.2344000       1.07650
170    17.60           9.61298      0.0935250       4.01890
170    11.60          24.36463      0.1325860       4.48350
170     5.20          62.32387      0.1132210       5.99970
171     6.00           9.64722      0.1088590       5.27200
171     6.00           4.44904      0.1233110       7.95230
171    12.80          17.86615      0.0610470       1.24140
171     9.20         109.20094      0.1559910       3.27850
171     9.60          30.52951      0.0261920       5.38240
172     5.60           5.10718      0.0714250       4.03050
172    16.00          11.63869      0.1076210       2.53950
172     1.20         166.66009      0.1912940      12.91440
172    18.00          42.17645      0.1168160       2.43580
173    13.20           5.31179      0.0899750       0.96170
173     8.00          12.34211      0.1503290       7.67710
173    16.00          26.49427      0.0590590       3.65090
173     4.40         133.66309      0.1407380       2.18370
174     4.00           2.32835      0.1441520       8.42000
174     7.20           5.18923      0.0474360       4.87990
174     4.40          78.80855      0.1677890       3.05150
174    14.00          27.80264      0.0723620       1.90700
174    12.40          11.23634      0.0557520       4.63910
175     8.40           6.45100      0.1324990       0.92410
175    23.20          16.52306      0.1606080       4.22020
175     6.00          53.87575      0.0960180      10.51790
176     7.60           4.39118      0.1385240       1.92460
176     8.80          76.93315      0.1969210       9.64820
176    16.00          24.10291      0.0594400       7.16920
176     7.60          10.72697      0.0371030       3.81300
177    19.20           8.88267      0.1115130       2.98990
177    10.00          58.24009      0.1607240       6.26150
177    10.40          23.42862      0.0559420       3.40460
178     6.00           3.45996      0.0757180       6.27200
178    10.40          14.79011      0.0207540       6.30690
178     6.00           8.42479      0.2098630      14.93170
178     9.60          32.17283      0.0335410       7.91600
178     5.60          57.91655      0.0292230       5.16670
179    14.00          29.61665      0.0249770       4.49600
179    10.80           6.84150      0.0450350       2.19100
179     8.00          13.39812      0.0893980       5.95630
179    13.20          98.96721      0.0297470       2.29160
180     4.00           3.15510      0.3238100       5.21990
180     7.20           6.24099      0.1335650       6.32750
180    14.00          16.40802      0.0684190       2.95330
180     6.80          92.09353      0.0615500       2.18000
180    10.00          45.04401      0.0975890       1.89020
181     4.00           1.65841      0.0470630       0.20650
181     2.40           2.94944      0.0584720       0.52510
181    11.20           8.93193      0.0323640       0.23620
181     6.40           4.66889      0.0858910       0.44470
181     4.80          73.64830      0.0072740       1.44570
181     9.20          16.93274      0.0321660       0.30610
181     5.60          37.25894      0.0331780       0.16440
182    20.80          10.44760      0.0404720       7.13570
182    16.80          28.71778      0.0767600       9.01720
183     6.00           4.01399      0.0902690       5.97910
183     4.40          67.02435      0.0792600       6.78570
183     8.00           9.73546      0.0925960       5.56270
183     8.40          33.95625      0.0167540       4.58680
183    10.80          17.79406      0.1341550       4.10480
184    18.80           9.44885      0.2029400       5.45850
184    15.20          27.49671      0.1468120       3.76170
184     8.80         162.53115      0.1050740       4.97630
185     7.20          57.77131      0.0502340       2.95530
185     8.80          14.94088      0.0243260       3.95850
185    15.20           6.01379      0.0672150       1.76860
185    10.40          23.18997      0.0432460       1.36730
186    10.00           6.18744      0.0990380       1.63850
186     1.20          77.11251      0.2649880      17.96890
186    15.20          22.06491      0.0847170       1.85720
186    10.40          13.06276      0.1241870       4.42220
187    10.80           3.79674      0.0686350       1.30630
187     5.20          11.59529      0.0414900       7.09010
187    16.80          22.69777      0.1472090       8.17010
187     7.60          63.48218      0.1252020       8.79160
188     7.20           3.04225      0.1845760       3.63370
188    12.00           8.82401      0.1427400       3.89800
188    16.00          31.45398      0.1530020       4.60820
188     4.40          83.16563      0.0853580       6.66840
189     4.40           3.10465      0.0328400       4.23590
189     3.20           5.32919      0.0317870       2.63530
189     6.80           8.60163      0.0247450       4.27830
189     9.20          21.73040      0.0072600       2.22170
189     8.00          13.63363      0.0145070       1.90040
189     9.60         197.00498      0.1223200       5.14210
190    18.80          14.82022      0.0425340       2.86800
190    16.40           4.54773      0.1162360       6.07420
191     5.20           6.57983      0.0761100       3.58120
191     3.60           3.71335      0.0601520      10.42330
191     6.80          32.62731      0.0273620       5.21270
191    10.00          12.66945      0.0280890       3.21260
191    11.20          21.78603      0.0264580       8.08830
192    19.60           8.70233      0.0174860       7.57380
192     4.40           2.89574      0.1732610      13.38760
192    10.80          28.79997      0.0490000      12.80810
193    10.40          24.42465      0.0319620       0.73640
193     6.00           3.11360      0.0443690       7.49830
193     5.20           8.12867      0.0485480       6.43390
193    10.80          38.31601      0.0457930       1.54200
193     8.80          13.66661      0.0479490       3.62760
194    12.80           9.67497      0.0321370       4.56840
194     6.00           3.27956      0.1904840       9.76410
194    18.40          29.38930      0.1109970       2.44770
195     6.40           1.77866      0.0711320       5.30530
195    12.00          21.41037      0.0123840       6.71900
195     4.80           4.33232      0.0550830      10.26620
195    10.80           9.55274      0.0204650       5.25880
195     7.60         156.89657      0.1206250      11.62100
196     4.40           2.60373      0.1034550      18.48970
196    12.80          19.95462      0.0770160       2.46090
196    10.40          33.66133      0.1145550       1.75070
196    11.60           7.12423      0.0872550      12.12710
197     9.60           4.94961      0.0699130       7.91380
197     4.80           2.33649      0.0410320       8.45630
197     5.20          69.39492      0.0998230       5.44850
197    12.00          14.22745      0.0332570       6.75280
197    10.40          30.79339      0.0467420       5.43810
198    15.20           9.51536      0.0230100       0.94850
198     6.40          29.18848      0.0398930       2.49870
198     9.60          18.75701      0.0397610       5.37790
198     6.00          62.48196      0.1076340       2.61290
198     2.00          94.35594      0.0603210       5.36150
199     6.40           5.49876      0.0721850       1.89780
199     4.00           3.70149      0.0739500       3.41710
199     7.20           9.84532      0.0386760       3.63480
199    20.80          18.75498      0.0417500       3.00230
